0
0
0
0
0
0
0
0
0
-967
-950
-1007
-964
0
0
0
-1335
-1861
-1366
0
0
-808
-1501
0
0
0
0
-1290
-1894
-1546
-1659
0
-870
-196
-296
-1185
-677
-850
-229
-723
-286
-355
-260
-1400
-946
-333
-1415
0
-246
-246
-248
-240
-239
-238
-225
0
-194
0
-1005
-1605
-739
-313
-1413
-1039
-244
-253
-248
-263
-239
-244
-256
-238
-259
-275
-243
-264
-278
-282
-278
-283
-259
-250
-239
-249
-237
-249
-243
-243
-265
-271
-265
-270
-274
-280
-281
-275
-252
-251
-250
-214
-246
-244
-262
-263
-217
-258
-259
-267
-268
-275
-266
-271
-207
-211
-171
-205
-217
-211
-226
-223
-212
-225
-236
-218
-224
-244
-248
-259
0
0
0
0
0
0
0
0
0
0
0
0
0
0
0
0
-834
-833
-840
-844
-847
-843
-855
-852
-835
-860
-873
-899
-871
-875
-852
-855
-854
-868
-850
-868
-864
-874
-866
-873
-890
-897
-880
-892
-897
-903
-900
-899
-870
-880
-891
-858
-870
-879
-871
-896
-898
-906
-891
-928
-927
-872
-907
-938
-882
-877
-870
-885
-882
-892
-885
-895
-899
-900
-907
-898
-887
-922
-936
-948
-852
-897
-896
-920
-903
-894
-911
-907
-924
-912
-933
-938
-934
-936
-934
-943
-1317
-977
0
0
-1884
-914
0
0
0
0
0
0
0
0
0
0
-1346
0
0
-1643
-1048
-1145
0
0
-1098
-1293
0
-1670
0
-1397
-888
-1016
0
0
0
0
0
0
0
0
0
0
0
0
0
0
0
0
-522
-202
-330
-212
-1343
-1036
-190
-209
-1414
-227
-195
-192
-206
-208
-202
-242
-222
-234
-226
-228
-211
-224
-223
-213
-223
-239
-227
-237
-245
-240
-253
-246
-215
-228
-209
-225
-199
-209
-214
-221
-213
-226
-220
-240
-238
-244
-229
-251
-210
-220
-213
-214
-207
-205
-207
-216
-214
-215
-227
-232
-231
-225
-232
-247
-200
-183
-200
-174
-212
-210
-200
-204
-208
-224
-215
-226
-234
-241
-246
-255
-217
-219
-211
-220
-201
-215
-213
-206
-213
-222
-197
-231
-231
-236
-231
-244
-213
-218
-206
-224
-202
-176
-185
-181
-216
-218
-218
-202
-235
-202
-235
-203
0
0
0
0
0
0
0
0
0
0
0
0
0
0
0
0
-196
-218
-195
-200
-199
-197
-196
-200
-210
-217
-225
-217
-223
-214
-215
0
-316
-302
-331
-293
-292
-274
-274
-281
-306
-283
-279
-253
-271
-287
-370
-549
-307
-326
-299
-321
-325
-306
-305
-313
-298
-323
-317
-310
-322
-339
-327
-352
-302
-312
-301
-335
-303
-303
-305
-308
-311
-323
-351
-314
-346
-347
-325
-320
-318
-313
-297
-309
-310
-265
-298
-322
-274
-316
-329
-346
-345
-358
-335
-334
-275
-309
-300
-324
-301
-307
-293
-312
-302
-316
-317
-313
-316
-320
-324
-337
-311
-294
-320
-301
-320
-320
-320
-320
-322
-314
-307
-307
-340
-333
-342
-330
0
0
0
0
0
0
0
0
0
0
0
0
0
0
0
0
-291
-309
-314
-298
-283
-319
-297
-295
-314
-314
-325
-316
-333
-316
-311
-352
-324
-330
-307
-323
-321
-335
-322
-320
-339
-347
-335
-299
-347
-355
-331
-371
-320
-314
-302
-313
-309
-319
-322
-311
-300
-325
-336
-341
-355
-344
-372
-393
-304
-303
-308
-329
-309
-280
-309
-321
-312
-319
-328
-345
-357
-346
-351
-359
-355
-330
-315
-333
-317
-309
-297
-325
-331
-336
-341
-345
-325
-321
-361
-353
-898
-1645
-1648
-1307
-276
-313
-306
-314
-321
-320
-330
-343
-346
-344
-345
-357
-816
-619
-346
-382
-938
-399
0
0
0
0
0
0
0
0
0
0
0
0
0
0
0
0
0
0
0
0
0
0
0
0
0
0
0
0
0
0
0
0
0
0
0
0
0
0
0
0
0
0
0
0
0
0
0
0
0
0
0
0
0
0
0
0
0
0
0
0
0
0
0
0
0
0
0
0
0
0
0
0
0
0
-287
-286
-283
-288
-279
-282
-276
-289
-297
-300
-295
-304
-317
-326
-311
-333
-297
-302
-283
-294
-278
-287
-281
-286
-303
-300
-309
-312
-313
-323
-292
-335
-299
-309
-294
-295
-295
-291
-283
-293
-305
-308
-301
-319
-325
-331
-321
-340
-280
-267
-260
-300
-280
-282
-267
-292
-305
-297
-299
-290
-315
-312
-315
-314
0
0
0
0
0
0
0
0
0
0
0
0
0
0
0
0
-295
-294
-280
-297
-293
-287
-288
-295
-302
-293
-295
-306
-323
-327
-332
-348
-322
-325
-316
-319
-313
-321
-299
-323
-318
-313
-318
-336
-328
-310
-261
-1060
0
0
0
0
0
0
0
0
0
0
0
0
0
0
0
0
0
0
0
0
0
0
0
0
0
0
0
0
0
0
0
0
0
0
0
0
0
0
0
0
0
0
0
0
0
0
0
0
0
0
0
0
0
0
0
0
0
0
0
0
0
0
0
0
0
0
0
0
0
0
0
0
0
0
0
0
0
0
0
0
0
